obych=[
24.5295 24.5506 24.4236 24.4733 24.456
24.4171 24.3506 24.3622 24.3111 24.3104
24.2649 24.3174 24.3391 24.4328 24.4975
24.5153 24.462 24.4917 24.5286 24.4946
24.4458 24.483 24.5123 24.6232 24.6674
24.6674 24.6847 24.6724 24.7238 24.6983
24.7722 24.8508 24.8912 24.9225 24.8066
24.8494 24.8749 24.9275 24.9012 24.923
24.9216 24.9199 24.9842 25.0597 24.98
24.9814 25.0111 24.9297 24.9093 24.8784
24.9493 24.9619 24.9755 25.0315 25.0062
25.054 25.1258 25.1867 25.3547 25.3286
25.3422 25.3679 25.4056 25.5154 25.5708
25.6618 25.6639 25.6997 25.5982 25.5896
25.6262 25.6262 25.6494 25.763 25.6753
25.6544 25.7609 25.7105 25.8405 25.8429
25.7408 25.7818 25.7379 25.6367 25.5319
25.4661 25.507 25.3444 25.4837 25.4702
25.452 25.5554 25.5945 25.6008 25.5448
25.5999 25.4963 25.4989 25.4132 25.3964
25.3853 25.4144 25.4216 25.4401 25.4563
25.4728 25.4936 25.5167 25.5363 25.6586
25.7016 25.7305 25.6742 25.6629 25.6574
25.7288 25.8162 25.7965 25.8468 25.7781
25.901 25.9356 25.9692 25.9372 25.9268
25.9558 26.0323 26.0465 26.042 25.9811
25.9811 25.9247 25.8428 25.818 25.8493
25.8928 25.8983 25.9043 25.9031 25.9029
25.8884 25.9152 25.9002 25.8964 25.8831
25.8388 25.8492 25.8074 25.7376 25.7927
25.8067 25.8594 25.7771 25.7334 25.7334
25.7351 25.7691 25.7691 25.7288 25.7564
25.6851 25.6851 25.7446 25.6934 25.6948
25.776 25.7617 25.724 25.7657 25.7469
25.7994 25.7966 25.8286 25.8647 25.9181
25.921 25.9846 25.9252 25.9871 26.0094
25.9839 25.9947 26.0113 26.0204 25.9956
26.018 26.077 26.0109 25.9709 26.0335
26.0414 26.0419 26.0476 26.13 26.1491
26.1873 26.2278 26.2086 26.2352 26.2352
26.2432 26.2147 26.174 26.1366 26.1481
26.1599 26.173 26.2474 26.2474 26.1967
26.1964 26.2131 26.2358 26.2358 26.2314
26.306 26.3759 26.3414 26.3473 26.3945
26.504 26.5543 26.5288 26.48 26.4882
26.5484 26.5331 26.5747 26.5575 26.5018
26.4879 26.524 26.5214 26.5075 26.5343
26.5646 26.5481 26.5645 26.577 26.532
];


save 'Training.dat' obych -ascii

test = [
24.6983 24.7722 24.8508 24.8912 24.9225
24.8066 24.8494 24.8749 24.9275 24.9012
24.923 24.9216 24.9199 24.9842 25.0597
24.98 24.9814 25.0111 24.9297 24.9093
];


save 'Testing.dat' test -ascii

checking = [24.923 24.9216 24.9199 24.9842 25.0597];

save 'Checking.dat' checking -ascii
